30
0 0 0 0 13
1 1 1 0 26
2 2 3 0 39
3 3 7 0 52
4 4 15 0 65
5 5 31 0 78
6 6 63 0 91
7 7 127 0 104
8 8 255 0 117
9 9 511 0 130
10 10 1023 0 143
11 11 2047 0 156
12 12 4095 0 169
13 13 8191 0 182
14 14 16383 0 195
15 15 32767 0 208
16 16 65535 0 221
17 17 131071 0 234
18 18 262143 0 247
19 19 524287 0 260
20 20 1048575 0 273
21 21 2097151 0 286
22 22 4194303 0 299
23 23 8388607 0 312
24 24 16777215 0 325
25 25 33554431 0 338
26 26 67108863 0 351
27 27 134217727 0 364
28 28 268435455 0 377
29 29 536870911 0 390
